#FsPro Model Inputs[B@4202ba15
#FsPro Assorted Inputs
Duration: 7
NumFires: 1000
MaxLag: 30
PolyDegree: 9
BarrierFill: 1
Resolution: 60
CROWN_FIRE_METHOD: Finney
SavePerimeters: 1

#Wind Parameters (required)
CalmValue: 1
NumWindDirs: 8
45 90 135 180 225 270 315 360
NumWindSpeeds: 7
5 10 15 20 25 30 35
WindCellValues:
1.81 5.97 10.86 1.66 5.15 11.53 34.95 4.52
1.29 2.86 8.8 1.22 6.93 12.16 13.77 4.2
0.67 1.07 2.33 0.08 2.04 5.34 6.17 2.76
0.15 0.37 0.59 0.0 0.59 1.66 1.96 0.7
0.0 0.03 0.18 0.0 0.33 0.44 0.42 0.22
0.0 0.02 0.05 0.02 0.0 0.03 0.08 0.03
0.0 0.0 0.05 0.0 0.0 0.0 0.0 0.0

#ERC Classes (required)
NumERCClasses: 5
49 250 5.61 7.78 9.72 75.0 90.0 360 0.15 0
43 49 6.53 8.9 10.77 90.0 100.0 300 0.1 0
38 43 7.42 10.04 12.04 110.0 120.0 240 0.05 0
34 38 8.44 11.24 13.03 120.0 130.0 180 0.01 0
30 34 9.74 12.82 14.26 130.0 140.0 120 0.0 0


#Historical ERC Stream (required)
NumERCYears: 11
NumWxPerYear: 184
HistoricERCValues:
1 1 1 1 1 1 1 1 1 1 1 1 1 1 1 1 1 1 1 1 1 1 1 12 14 15 13 14 18 17 19 19 16 21 22 23 27 29 33 35 33 35 36 37 39 38 36 37 38 38 39 40 39 41 42 45 46 47 49 48 42 43 43 44 46 43 40 41 39 40 36 29 31 30 29 28 28 29 27 33 35 37 37 27 33 32 32 20 25 27 29 33 36 39 40 39 35 33 35 34 35 37 39 37 42 42 41 40 40 39 40 42 42 39 42 44 46 48 47 46 45 43 41 43 44 36 26 25 20 27 27 28 30 31 34 35 34 19 14 13 12 11 24 26 28 28 30 34 34 30 33 35 37 35 25 21 26 29 31 29 22 29 32 31 25 28 29 30 33 35 33 22 16 24 23 25 27 20 20 15 11 10 10 9
1 1 1 1 1 1 1 1 1 1 1 1 1 1 1 1 1 1 1 1 1 1 1 1 1 1 1 1 1 1 1 1 1 1 1 1 1 1 1 12 17 15 19 22 20 17 10 19 21 25 31 31 34 36 31 34 36 39 41 43 41 42 42 41 41 40 39 40 41 35 20 17 15 27 27 28 28 29 31 33 33 36 37 35 38 39 40 42 42 43 44 44 46 48 44 44 45 44 40 41 35 35 35 34 36 38 40 42 43 42 37 40 43 43 41 39 41 42 43 43 45 47 46 47 43 40 36 25 22 20 32 30 33 32 27 30 28 29 32 32 23 26 23 16 9 7 13 16 19 21 24 26 26 24 23 17 12 10 10 9 9 8 16 15 13 19 16 15 13 12 8 7 6 6 6 5 5 4 4 14 13 13 14 11
1 1 1 1 1 1 1 1 1 1 1 1 1 1 1 1 1 1 1 1 1 1 1 1 1 1 1 1 1 1 1 1 1 1 1 1 1 1 1 1 10 9 14 4 3 11 10 15 14 22 24 27 29 31 33 36 38 35 36 35 38 39 40 42 45 46 47 49 50 50 46 46 48 49 50 50 48 49 50 51 51 52 52 53 53 54 54 51 50 52 53 55 56 53 53 54 51 51 52 53 51 52 53 54 50 44 46 46 45 47 47 46 47 49 49 45 46 47 49 51 51 51 48 49 50 52 49 49 50 51 50 46 45 47 48 44 40 24 22 20 18 17 15 13 12 11 10 9 8 7 7 20 18 14 12 7 7 7 6 14 13 12 6 6 6 5 5 5 4 4 15 19 19 12 6 6 5 5 12 17 19 18 19 18
1 1 1 1 1 1 1 1 1 1 1 1 1 1 1 1 1 1 1 1 1 1 1 1 1 1 1 1 1 1 1 1 1 1 1 1 1 1 1 1 9 5 1 1 13 15 8 4 4 8 13 13 17 14 17 22 23 27 26 24 27 26 27 27 31 35 38 39 40 42 43 42 42 43 45 46 46 41 45 45 47 48 48 50 51 52 52 49 49 48 49 48 49 49 50 48 46 49 49 50 52 55 54 53 52 52 53 53 52 43 45 39 26 35 34 34 36 33 18 27 29 31 30 30 33 34 34 36 38 39 39 39 40 36 33 33 35 37 36 37 37 33 31 35 37 31 28 26 31 32 30 25 23 25 26 25 26 16 13 12 11 10 9 9 8 7 7 6 6 5 5 18 16 19 21 21 19 19 17 16 17 11 8 7
1 1 1 1 1 1 1 1 1 1 1 1 1 1 1 1 1 1 1 1 1 1 1 1 1 1 1 1 1 1 1 1 1 1 1 1 1 1 1 1 1 1 1 1 1 16 16 18 20 21 19 13 8 19 21 21 24 25 23 27 28 30 31 25 28 30 31 29 29 31 33 35 35 35 33 34 31 31 31 33 35 37 36 39 40 43 44 44 43 44 41 44 44 44 43 44 45 46 47 47 42 38 30 33 34 35 34 33 32 34 36 38 41 37 33 34 34 34 35 38 37 37 38 40 39 41 43 44 42 31 31 26 26 21 26 27 28 32 33 28 25 16 19 14 23 20 22 24 23 20 17 18 17 11 10 9 9 8 7 7 17 12 6 6 5 5 5 4 4 14 9 4 4 4 4 3 3 3 3 3 2 2 2 2
1 1 1 1 1 1 1 1 1 1 1 1 1 1 1 1 1 1 1 1 1 1 1 1 1 1 1 1 1 1 1 1 1 1 1 1 7 8 5 2 2 2 19 22 17 11 7 6 6 5 5 18 21 25 26 27 31 30 25 17 12 11 10 24 25 27 30 28 30 33 32 36 35 35 37 38 40 38 39 38 38 40 40 32 35 37 39 40 39 37 41 44 45 46 46 46 47 46 41 43 41 42 43 42 39 42 45 46 48 47 46 45 45 45 46 46 42 40 39 43 44 43 39 24 38 39 42 44 43 41 29 22 19 36 37 38 39 41 43 44 44 37 29 35 34 34 34 27 19 17 13 27 30 31 32 32 34 33 35 36 37 36 37 20 17 16 15 14 13 18 16 12 9 9 8 8 7 6 6 5 5 5 4 4
1 1 1 1 1 1 1 1 1 1 1 1 1 1 1 1 1 1 1 1 1 1 1 1 1 1 1 1 1 1 1 1 1 1 1 1 1 1 13 12 8 6 17 22 27 29 30 32 35 35 32 34 35 34 36 32 34 35 38 41 43 43 44 45 46 46 48 48 49 50 52 53 54 51 52 52 50 52 53 51 43 42 39 41 43 44 46 46 41 42 44 44 41 30 35 37 37 34 35 33 33 36 37 40 41 42 43 45 43 25 31 29 26 28 29 31 33 30 30 31 34 37 37 38 38 39 41 43 43 44 46 46 45 40 40 39 40 40 40 43 43 37 27 21 36 34 35 37 38 39 39 26 33 33 35 36 39 40 38 32 30 30 29 24 17 16 15 13 12 26 26 25 25 26 24 18 15 12 11 10 9 8 18 16
1 1 1 1 1 1 1 1 1 1 1 1 1 1 1 1 1 1 1 1 1 1 1 1 1 1 1 1 1 1 1 1 1 1 1 1 1 1 1 1 1 1 1 1 1 1 1 1 1 1 1 1 1 1 13 16 21 24 29 28 30 32 32 28 25 28 27 29 30 28 29 31 35 36 36 37 40 42 42 44 45 47 48 49 47 48 48 47 47 48 51 52 52 51 51 50 50 49 51 52 53 51 48 47 48 49 50 52 53 53 50 48 46 47 46 39 36 36 35 36 39 41 44 45 45 47 47 48 49 50 48 44 46 49 49 46 39 38 32 36 34 32 29 30 23 28 30 32 34 35 37 36 30 19 24 26 28 29 30 27 28 29 29 29 29 32 34 31 35 37 39 40 39 36 24 19 17 16 15 13 12 11 10 9
1 1 1 1 1 1 1 1 1 1 1 1 1 1 1 1 1 1 1 1 1 1 1 1 1 1 1 1 1 1 1 1 1 1 1 8 2 15 8 15 18 13 7 14 15 15 17 15 11 9 7 4 17 17 19 19 20 18 16 20 24 26 31 32 31 33 34 33 35 36 33 33 35 36 36 38 40 41 42 44 45 45 48 48 48 46 43 43 42 42 45 47 47 46 44 41 35 33 28 26 26 25 28 28 30 34 37 40 42 40 39 26 24 25 23 26 27 27 28 32 34 23 28 30 28 24 17 21 23 20 20 23 24 26 28 25 26 29 32 34 33 32 32 24 15 14 27 30 31 27 26 29 24 15 14 14 15 17 21 25 26 28 26 15 12 11 18 23 26 25 26 29 30 30 30 23 26 22 20 13 12 11 10 9
1 1 1 1 1 1 1 1 1 1 1 1 1 1 1 1 1 1 1 1 1 1 1 1 1 1 1 1 1 1 1 1 1 1 1 1 1 1 1 1 1 1 14 19 22 19 21 13 9 8 7 22 25 29 30 33 33 24 24 28 24 20 25 27 29 31 33 34 38 40 44 46 47 49 48 50 52 53 52 53 54 54 53 54 54 48 49 48 48 48 41 39 38 41 42 32 40 37 36 31 30 31 31 33 32 32 34 33 35 36 36 39 38 40 40 36 36 37 39 31 37 40 43 45 45 39 38 42 43 44 44 43 44 42 23 17 32 31 29 21 15 24 24 25 27 25 27 31 31 33 36 35 36 39 38 38 41 38 41 41 42 42 37 38 40 41 42 42 41 25 21 19 31 28 27 29 26 31 33 34 22 17 15 14
1 1 1 1 1 1 1 1 1 1 1 1 1 1 1 1 1 1 1 1 1 1 1 1 1 1 1 1 1 1 1 1 1 1 1 1 1 14 18 22 26 25 23 19 27 28 28 32 33 35 32 23 19 15 29 31 29 29 30 33 36 39 39 39 35 32 34 36 38 39 37 38 39 40 41 38 36 37 39 38 37 35 32 34 36 36 37 35 37 39 37 34 32 33 35 35 33 35 28 27 31 32 31 35 36 38 39 38 32 33 37 36 37 37 40 41 42 41 34 20 25 25 29 32 35 38 38 34 36 35 34 33 32 27 31 30 30 25 25 27 29 31 33 32 28 32 35 36 36 38 39 38 25 26 27 15 19 14 9 8 21 24 24 19 17 14 10 9 8 8 7 6 6 5 5 5 4 4 4 3 3 3 3 3
AvgERCValues:
0.76 0.76 0.76 0.76 0.76 0.76 0.76 0.76 0.76 0.76 0.76 0.76 0.76 0.76 0.76 0.76 0.76 0.76 0.76 0.76 0.76 0.76 0.76 1.59 1.86 1.88 1.84 1.84 2.08 2.08 2.14 2.19 1.45 2.34 2.41 2.5 3.34 6.27 6.75 9.33 11.55 7.34 12.4 12.87 14.75 17.13 15.74 16.76 16.07 18.06 16.18 18.55 20.01 21.32 23.71 26.74 27.58 26.54 28.63 29.28 29.09 30.32 30.38 31.15 30.52 33.14 34.5 35.31 36.27 37.26 34.82 34.72 35.92 37.32 37.63 36.09 37.46 38.26 39.06 39.69 40.04 39.65 39.63 38.76 40.83 39.31 39.88 38.49 38.51 37.54 39.86 40.62 40.2 39.86 41.37 37.33 37.99 39.6 36.17 36.98 35.79 37.18 36.8 36.98 37.43 38.34 39.71 40.52 38.58 36.13 38.3 35.76 35.45 36.46 36.86 36.35 36.91 35.94 31.43 31.45 35.96 35.65 35.16 36.01 36.85 35.66 35.51 35.43 35.03 33.0 34.03 32.89 32.38 32.07 31.94 29.43 29.32 28.59 28.83 28.01 27.39 24.31 24.58 22.55 23.42 22.8 25.13 26.48 26.5 26.42 26.29 27.98 23.99 21.17 20.82 18.49 21.44 19.71 20.1 20.55 21.88 21.83 22.45 15.85 14.7 16.47 15.71 15.94 16.32 16.4 16.34 15.84 15.34 16.03 14.27 13.24 11.84 10.94 10.77 11.45 9.62 8.72 9.11 7.51
StdDevERCValues:
0.0 0.0 0.0 0.0 0.0 0.0 0.0 0.0 0.0 0.0 0.0 0.0 0.0 0.0 0.0 0.0 0.0 0.0 0.0 0.0 0.0 0.0 0.0 2.76 3.65 3.71 3.58 3.58 4.58 4.58 4.77 4.96 2.39 5.48 5.72 6.27 7.11 8.25 9.11 10.62 10.7 9.35 10.0 11.05 11.6 9.89 11.15 11.95 13.11 13.56 10.96 11.42 10.79 11.03 9.23 8.54 8.44 9.47 9.22 9.21 9.77 10.46 10.37 8.41 10.18 6.89 5.98 6.47 6.52 6.99 9.27 8.75 9.57 7.52 8.09 9.8 8.49 8.1 8.53 7.13 7.04 8.13 9.4 10.37 8.09 10.13 7.89 11.45 9.07 11.0 7.58 9.2 10.42 9.67 5.81 10.78 9.59 6.86 11.28 10.92 9.96 9.36 9.18 8.49 6.81 5.94 6.19 6.88 9.54 8.63 6.24 8.09 9.05 7.62 7.93 6.12 5.37 6.76 10.69 12.09 7.88 8.98 7.81 7.97 8.21 9.06 9.38 9.2 10.79 11.6 10.47 9.02 9.93 10.21 8.98 7.98 7.12 8.95 7.66 10.05 10.93 7.45 5.63 7.85 9.51 9.45 7.98 8.62 9.39 10.21 10.51 7.19 8.2 8.89 9.58 10.56 11.09 11.66 12.94 10.99 10.19 11.56 10.98 9.41 9.61 10.74 11.74 11.58 12.78 11.39 9.99 10.46 11.68 11.28 8.76 9.07 8.33 8.33 8.43 8.39 5.54 4.84 5.48 4.22


#Current ERC Stream (required)
NumWxCurrYear: 103
CurrentERCValues:
1 1 1 1 1 1 1 1 1 1 1 1 1 1 1 1 1 1 1 1 1 1 1 1 1 1 1 1 10 10 1 1 1 10 14 16 16 12 7 9 12 8 20 18 22 26 27 28 30 31 29 33 33 33 34 34 14 13 10 10 9 8 21 23 26 27 17 29 29 34 36 41 41 26 26 33 36 24 33 37 36 38 36 37 38 43 43 43 45 45 46 47 47 48 45 48 49 51 51 51 52 52 52


#Forecast (optional)
NumForecast: 1
52 10 315

